402 180
402 603
7 0
7 583
7 572
7 160
7 144
7 1095
7 528
1149 26
1149 282
1149 290
551 61
551 201
551 411
551 1073
392 25
392 266
392 330
392 397
392 412
392 659
392 1004
392 991
392 743
392 971
392 1034
392 769
392 920
418 153
418 209
418 1153
418 1209
418 737
418 536
418 1208
138 438
741 79
741 331
741 422
741 651
741 898
681 153
681 828
681 947
376 30
376 244
376 362
376 1126
376 776
376 784
376 518
578 41
578 191
1209 153
1209 737
1209 1153
1160 431
1160 1162
642 154
642 209
900 385
900 544
900 632
900 783
900 824
900 827
900 945
900 1109
1014 327
1014 499
1014 646
1014 985
1014 986
1014 987
682 100
682 127
682 133
682 313
682 356
682 524
682 847
145 107
145 643
145 251
145 746
145 298
145 460
145 348
145 844
145 352
145 212
145 237
145 450
145 1018
238 447
238 507
238 989
238 1072
93 540
93 446
93 527
93 130
97 153
97 768
971 266
971 743
971 1004
125 75
125 715
125 453
583 156
583 227
583 320
583 336
583 857
757 153
757 542
757 707
72 479
72 343
72 594
72 922
72 635
72 1195
72 547
72 217
822 438
1011 103
1011 343
1011 488
1011 1178
1035 25
1035 107
1035 189
1035 393
1035 508
1035 659
1035 1247
651 79
651 197
651 321
651 422
651 912
651 750
651 859
651 835
651 787
739 124
739 477
739 579
739 597
739 620
1105 438
1006 450
1006 451
1006 588
1006 709
1006 740
1006 1018
477 124
477 149
477 205
477 220
477 365
477 579
477 487
477 1013
477 620
477 851
171 90
171 442
171 680
171 540
171 478
171 840
171 363
171 598
171 722
171 705
171 667
171 199
171 527
171 246
382 46
382 92
382 365
382 498
382 908
911 296
911 348
911 353
911 734
911 1219
911 1008
911 1049
911 1048
606 197
606 470
709 94
709 158
709 219
709 242
709 450
709 451
709 686
709 816
709 956
709 740
599 153
599 235
599 303
599 366
599 569
599 1001
473 106
473 107
473 119
473 255
473 280
473 433
473 949
473 876
473 643
422 24
422 79
422 197
422 331
422 420
422 898
422 690
422 767
422 912
30 784
30 776
30 518
30 1104
30 1087
30 295
870 98
870 328
870 342
870 361
870 631
870 698
870 708
870 936
870 1003
870 1021
496 548
574 35
574 49
574 114
574 400
574 954
574 663
574 1185
574 893
1222 350
927 40
927 349
927 553
927 683
927 928
832 363
832 598
832 613
173 162
173 823
173 537
173 409
173 275
173 548
173 471
1178 343
1178 488
939 14
939 222
939 883
939 1248
1050 135
1050 147
1050 990
1050 1052
1050 1051
1106 502
481 695
481 719
857 336
319 255
319 326
734 353
734 464
717 0
717 1
717 160
717 224
717 528
717 1167
25 508
25 659
25 393
25 189
25 107
25 1247
25 572
25 342
25 359
25 98
25 328
25 160
25 1170
25 1193
25 961
25 960
25 1004
25 266
25 991
1003 98
1003 328
1003 342
1003 631
325 164
325 288
1206 205
1206 220
1206 884
1004 266
1004 743
1004 769
1004 920
1004 960
1004 961
1004 991
1004 1193
1004 1034
350 414
350 731
350 609
1231 85
1231 377
110 383
110 373
660 355
660 452
660 455
660 1047
660 1044
660 1046
660 1045
1151 83
1151 242
1151 243
1151 490
1151 686
1151 841
1151 959
1151 1262
269 16
269 653
269 1058
1085 120
1085 170
1085 580
1085 648
1085 746
1085 792
1085 962
1085 965
456 43
456 368
456 442
456 680
456 540
456 852
456 878
1262 83
1262 243
1262 841
1262 959
1008 296
1008 348
1008 353
1008 659
1008 1219
1008 1049
1008 1048
1164 659
1164 942
1164 1152
1164 1247
273 120
273 229
273 999
273 357
273 457
1039 268
1039 691
1039 938
690 79
470 197
502 46
502 381
502 626
502 597
502 1043
502 766
961 960
961 1193
929 131
929 153
929 877
929 930
929 1215
1032 101
1032 185
1032 738
1032 1226
1032 1142
1032 1191
1032 1212
721 430
721 461
721 485
721 957
823 275
823 471
695 719
1117 519
829 643
14 530
14 448
14 21
14 351
14 601
14 1112
14 222
14 883
14 1248
1013 124
1013 149
1013 365
1013 487
1013 579
450 94
450 120
450 158
450 170
450 219
450 242
450 255
450 276
450 285
450 352
450 372
450 524
450 1018
450 451
450 740
450 668
450 921
450 543
450 633
450 644
450 643
450 744
450 844
450 686
347 58
347 64
347 132
347 211
347 221
347 264
347 683
347 662
124 149
124 365
124 579
124 292
136 15
136 658
197 60
197 859
197 321
1240 280
1072 507
1072 562
1072 989
746 107
746 119
746 127
746 170
746 227
746 251
746 298
746 320
746 427
746 449
746 643
746 659
746 1177
746 940
746 962
746 965
746 796
1018 219
1018 304
1018 352
1018 372
1018 451
1018 524
1018 740
1018 844
103 488
103 343
162 409
12 729
12 770
389 715
389 617
460 348
460 352
460 659
460 844
460 906
349 40
349 152
349 553
349 1103
349 683
349 928
680 277
680 363
680 442
680 540
680 598
109 46
109 417
562 31
562 279
562 315
562 447
562 507
562 655
562 989
839 302
839 449
839 545
839 555
839 940
839 872
839 941
990 135
990 1052
990 1051
1108 159
1108 222
1108 813
246 193
246 363
246 598
246 527
280 21
280 119
280 225
280 530
280 505
280 1223
280 309
280 949
280 876
621 99
621 175
621 615
621 718
526 89
526 170
526 691
526 938
526 1233
536 91
536 209
536 873
536 842
1227 277
1227 561
544 385
544 413
544 945
544 824
544 632
544 843
647 159
95 18
95 638
95 455
353 296
353 348
353 1219
353 1049
353 1048
769 1034
769 920
1 160
1 1167
1 249
1 459
699 333
699 486
699 735
699 1195
861 113
861 265
861 410
861 763
33 484
33 36
33 461
33 957
33 1027
718 99
718 175
1223 225
1223 505
1058 16
1058 653
644 120
644 147
644 372
644 439
644 543
644 633
644 921
644 792
644 1239
693 297
20 153
20 235
20 303
193 840
193 324
435 154
435 413
953 133
953 885
558 475
558 1062
949 119
949 876
1284 320
1284 1282
1284 1283
938 89
938 170
938 691
938 748
938 1233
374 92
455 266
455 355
455 364
455 557
838 120
838 121
838 338
882 579
882 697
96 597
96 1043
151 365
151 287
706 11
706 362
706 475
706 554
706 760
424 461
424 1027
424 1028
841 83
841 243
841 490
841 959
4 557
4 364
4 951
4 175
4 747
659 107
659 170
659 189
659 255
659 348
659 352
659 393
659 506
659 508
659 1247
659 1152
659 673
659 844
518 244
1096 216
1096 298
1096 393
1096 643
1096 777
1096 926
557 28
557 364
557 499
557 747
557 836
1195 802
817 525
817 937
817 913
68 377
68 994
68 307
68 895
812 100
812 672
812 849
476 652
155 164
1263 385
1263 827
1263 945
1263 1109
876 119
427 127
427 170
427 227
427 320
427 1177
427 975
779 373
779 479
411 58
411 294
411 339
92 46
92 365
92 498
92 908
92 417
152 1103
1027 461
1027 1028
1167 160
1167 249
1167 459
448 21
448 309
448 351
448 530
686 61
686 242
686 894
744 276
744 285
744 643
340 224
340 546
340 942
340 1287
340 1095
340 528
340 762
824 385
824 945
343 194
343 488
343 797
343 594
343 922
756 364
756 978
442 277
442 363
442 598
442 540
294 58
294 339
520 24
520 79
520 331
520 495
520 1075
520 689
520 669
520 1076
520 742
762 224
762 320
762 528
74 78
212 170
212 643
212 844
212 352
212 886
212 237
783 385
783 632
783 945
783 1082
783 1081
445 626
445 815
445 984
445 979
521 498
521 1053
521 896
792 120
792 147
792 210
792 372
792 439
792 543
792 633
792 648
792 921
792 962
792 965
792 1239
133 100
133 120
133 219
133 524
133 901
133 229
133 612
133 648
133 384
133 847
133 213
133 885
133 821
645 289
645 467
645 566
645 570
645 600
113 360
113 265
113 763
113 410
632 385
632 843
632 945
28 364
28 747
28 836
768 153
1076 79
1076 331
1076 669
1076 689
1076 1075
1062 475
1264 385
1264 945
1264 1109
1264 1168
598 363
598 840
598 722
598 687
698 149
698 250
698 361
698 936
698 1154
698 708
1283 320
1283 1282
255 106
255 119
255 643
255 433
255 326
447 232
447 279
447 315
447 655
447 989
447 748
312 180
312 222
312 813
1063 683
1063 856
100 219
100 120
100 524
100 372
100 901
100 648
100 384
100 847
100 672
100 849
100 622
1181 208
1181 703
670 46
670 417
670 498
670 1171
895 164
895 222
895 307
895 994
82 46
82 417
444 159
999 106
999 120
1185 35
1185 49
1185 400
1185 663
1185 954
1042 220
1042 262
479 373
139 3
139 137
139 153
139 604
770 729
844 237
844 348
844 352
16 653
506 170
225 21
225 84
225 505
225 309
225 530
225 239
225 227
225 1112
1233 170
1233 691
412 330
412 397
620 149
620 487
620 579
620 597
620 851
1081 385
1081 1082
549 128
549 529
549 613
886 170
886 464
965 120
965 170
965 580
965 648
965 962
638 18
154 413
154 209
154 492
154 555
628 47
628 107
628 119
628 468
628 924
628 970
232 153
232 208
232 728
232 858
722 363
722 613
722 840
722 1116
722 727
1138 297
108 120
108 648
108 1261
851 579
766 566
766 597
766 626
766 1043
1116 613
1116 727
1053 498
315 655
315 662
543 119
543 120
543 147
543 213
543 355
543 372
543 921
543 633
543 777
543 1241
543 648
543 641
114 35
114 49
114 372
114 954
114 663
114 893
114 256
893 35
893 49
893 256
893 663
893 954
893 983
970 47
970 468
377 85
704 85
704 240
704 1038
43 540
43 852
43 878
1234 248
1234 306
1234 503
1234 808
633 119
633 120
633 147
633 213
633 372
633 921
633 777
633 1241
633 1239
115 200
115 217
441 153
441 728
441 1211
441 1210
400 35
400 49
400 954
400 663
400 700
400 974
289 143
289 600
289 570
289 467
351 309
457 357
742 24
742 79
742 331
742 495
884 205
884 220
884 749
1051 135
1051 1052
1109 385
1109 827
1109 945
1109 1168
1109 1265
846 220
229 89
229 120
229 612
229 648
229 384
229 524
229 1203
229 1099
229 556
239 84
239 227
239 309
239 1112
220 205
220 214
220 1275
220 1276
220 749
220 1007
220 1136
220 262
859 321
1274 933
336 107
61 541
61 553
61 64
35 954
35 49
35 663
35 640
35 256
790 894
790 880
933 191
933 554
373 118
947 828
494 501
137 3
137 153
137 604
937 525
937 913
845 79
497 720
339 58
339 413
1168 385
1168 945
631 98
631 328
631 342
1259 15
1259 80
1259 478
1259 489
1259 1229
580 962
501 9
501 169
501 277
501 765
912 79
452 355
452 1047
452 1044
452 1046
452 1045
452 1125
452 624
90 540
90 527
90 324
1043 566
1043 597
1043 626
224 0
224 397
224 355
224 546
224 942
224 1287
224 1095
224 775
224 862
224 528
617 715
530 21
530 222
530 360
530 666
943 385
943 827
943 945
943 1091
943 1089
388 54
388 76
388 164
332 216
332 397
332 355
394 271
394 330
394 1242
615 175
52 41
52 653
987 327
987 499
987 646
987 985
987 986
669 79
669 331
669 1075
669 689
210 147
210 751
210 242
251 107
251 643
251 298
3 153
3 604
836 175
836 364
836 747
926 216
926 393
926 777
463 119
463 433
463 719
1136 214
687 1131
1229 15
1229 80
1229 478
1229 489
570 143
570 467
570 566
570 600
920 1034
650 648
156 227
156 320
156 218
532 75
532 128
532 272
532 613
242 94
242 106
242 158
242 216
242 643
242 751
306 13
306 248
306 503
306 808
306 748
306 691
306 612
306 1235
979 626
979 815
979 984
87 270
87 797
87 234
984 626
984 815
9 277
9 765
519 153
519 334
519 367
519 431
519 930
519 877
519 858
78 469
485 430
485 461
485 957
333 31
333 486
333 735
333 720
333 1207
813 159
813 164
813 222
1276 205
1276 749
1276 1007
1276 1275
153 101
153 131
153 728
153 1211
153 858
153 738
153 185
153 604
153 930
153 1215
153 877
153 1210
153 1153
153 737
153 863
153 367
153 552
153 235
153 1001
153 649
153 794
153 569
153 707
153 542
153 434
153 365
153 303
153 334
153 786
153 431
815 626
767 79
767 331
1153 737
1211 728
1211 1210
265 360
265 763
265 410
588 170
588 451
588 668
960 1193
417 46
417 183
417 498
367 930
880 894
975 320
852 368
852 540
852 878
507 117
507 989
507 550
507 652
546 159
546 942
546 1287
546 1095
729 191
83 959
83 243
116 365
478 15
478 80
478 489
478 840
555 492
487 149
487 365
487 579
487 785
372 89
372 119
372 120
372 147
372 170
372 213
372 219
372 524
372 901
372 612
372 921
372 439
372 777
372 1241
461 36
461 430
461 484
461 957
461 1028
342 98
342 254
342 328
342 397
342 643
342 572
342 359
342 1170
809 79
809 331
809 898
63 297
63 1183
63 795
63 587
63 713
234 797
737 58
737 413
1007 205
1007 749
1007 1275
1128 368
1128 561
1128 571
974 700
991 266
777 213
777 216
777 355
777 393
777 1241
765 277
1212 101
1212 738
300 167
300 916
328 98
328 643
328 572
328 359
328 1170
594 922
205 1275
205 749
547 802
643 26
643 106
643 107
643 119
643 189
643 216
643 254
643 276
643 282
643 285
643 290
643 298
643 433
311 683
363 272
363 840
363 714
872 302
872 449
872 545
872 940
872 941
916 167
236 180
236 561
236 1041
160 0
160 144
160 572
160 1095
160 528
945 385
945 827
945 1265
314 623
314 672
1044 355
1044 1047
1044 1046
1044 1045
1052 135
1052 147
147 120
147 921
147 1239
147 641
355 216
355 397
355 751
355 602
355 1047
355 1046
355 1045
282 26
282 189
282 646
282 290
751 216
751 397
751 602
1152 1247
1226 738
763 410
277 561
719 119
94 158
873 91
873 788
873 842
384 120
384 219
384 524
384 1203
384 901
15 80
15 489
808 13
808 248
808 503
808 748
808 1235
21 505
21 883
21 227
364 79
364 175
364 897
364 747
364 592
364 978
364 951
120 219
120 524
120 901
120 648
120 921
120 612
120 267
120 821
120 439
120 962
120 338
348 170
348 296
348 352
348 906
348 1219
348 1049
348 1048
569 235
561 180
561 368
561 571
561 1025
561 1127
561 795
561 1026
561 1129
561 914
131 930
131 877
600 143
600 467
272 128
272 613
272 529
272 934
272 727
272 275
275 128
275 613
275 537
480 413
213 119
213 1241
54 164
54 76
727 529
727 613
952 119
952 433
843 385
528 0
528 144
689 79
689 331
689 1075
993 32
993 176
993 298
352 673
361 250
361 936
361 1154
361 708
954 49
954 256
954 640
954 663
1048 296
1048 1219
1048 1049
356 524
356 847
527 130
527 446
527 540
489 80
994 307
219 524
219 901
219 648
459 249
58 413
58 683
58 64
58 132
58 211
58 221
58 732
467 143
467 566
176 32
176 298
393 107
393 189
393 216
393 508
393 1247
493 170
493 612
235 1001
235 930
235 303
235 366
1247 107
1247 189
1247 508
386 324
1275 749
281 324
1082 385
482 209
482 696
482 1000
482 831
482 1200
646 26
646 290
646 327
646 499
646 508
646 985
646 986
821 648
821 885
159 164
159 307
159 222
159 855
728 1210
1171 498
360 410
1183 587
1183 713
1183 795
855 222
434 758
624 1125
47 468
64 553
64 683
64 132
64 211
64 221
64 413
64 247
705 667
705 840
662 264
662 655
666 85
666 222
469 297
572 98
572 144
572 309
572 359
572 1095
572 1170
1129 914
1118 101
1118 738
1059 208
831 209
831 1200
227 127
227 170
227 320
227 1177
227 309
227 883
221 132
221 211
221 683
571 368
571 869
1047 1045
1047 1046
24 79
24 898
24 331
24 495
696 209
696 413
764 36
764 430
764 498
901 524
901 648
1127 180
1127 368
1127 795
1127 1025
1127 1026
672 127
672 849
601 1112
302 940
302 449
302 545
302 941
290 26
290 189
290 250
290 267
148 183
691 89
691 170
691 748
267 26
267 921
1282 320
1191 738
788 91
498 36
498 46
498 365
498 908
498 539
498 896
816 106
816 168
816 276
816 451
816 956
816 1202
132 683
132 211
132 247
79 898
79 331
79 897
79 1075
79 420
79 495
986 327
986 499
986 985
732 211
732 413
397 216
397 254
397 330
397 602
117 989
117 652
32 298
978 592
1287 942
1287 1095
475 362
475 554
475 977
98 359
98 1170
1046 1045
847 524
740 451
740 904
542 707
366 1001
1239 921
738 101
738 185
738 406
738 1142
446 130
446 540
1142 101
1142 185
959 243
959 490
1025 180
1025 368
597 175
597 566
597 579
597 626
168 106
168 1202
168 276
287 365
702 266
702 330
1200 209
101 185
101 406
1026 368
1026 795
942 1095
524 648
524 1203
1255 164
983 49
983 663
256 49
256 663
271 330
271 1242
285 276
616 208
250 936
250 1154
1219 296
1219 1049
1177 127
1177 170
1177 320
1177 796
127 170
127 320
683 40
683 211
683 247
683 553
683 856
683 928
362 11
362 244
362 760
362 703
362 554
362 977
296 1049
331 898
331 1075
331 495
331 420
663 49
663 640
144 0
144 1095
204 266
913 525
951 175
128 613
327 985
327 499
191 41
191 554
430 36
430 957
1241 106
1241 119
180 368
76 164
75 715
170 89
170 119
170 612
170 668
170 320
170 940
170 449
170 962
488 194
540 130
748 89
748 248
748 503
209 1000
209 413
796 992
627 626
525 199
85 222
883 222
883 1248
985 499
985 508
1089 385
1089 1091
433 106
433 119
881 288
881 438
881 775
648 612
648 962
648 885
957 36
957 484
1207 720
1207 735
1248 222
612 89
612 556
612 1099
697 579
119 106
119 107
119 940
119 449
119 924
928 40
1170 359
794 649
368 795
91 842
1112 309
1265 385
1242 330
36 484
490 243
40 553
708 936
556 89
941 449
941 545
941 940
486 31
486 735
276 106
640 49
720 735
534 548
248 503
89 1033
449 940
449 545
413 211
413 492
797 270
358 46
579 149
579 365
877 930
877 1215
587 795
587 713
107 508
107 189
107 298
107 924
22 934
545 940
854 775
439 921
334 930
222 164
930 1215
703 760
586 357
216 106
216 602
1173 307
1173 438
731 1021
175 566
175 592
175 747
149 365
385 827
385 1091
270 167
41 826
41 653
330 266
508 189
508 499
288 164
451 956
713 795
194 684
266 743
554 11
554 760
554 977
908 46
908 365
307 164
307 438
309 505
649 365
183 46
11 760
11 977
1184 795
106 1202
1235 13
365 46
989 652
189 26
936 1154
673 438
